1444726720 1
1444727903 2
1444728444 3
1444729561 4
1444729626 5
1444780489 6
1444783902 7
1444786468 8
1444790629 9
1444793389 10
1444794989 11
1444797508 12
1444799356 13
1444802091 14
1444866548 15
1444867567 16
1444867809 17
1444870241 18
1445053454 19
1445054982 20
1445058397 21
1445058411 22
1445058817 23
1445133642 24
1445134866 25
1445135504 26
1445136239 27
1445142787 28
1445145070 29
1445145752 30
1445162038 31
1445216259 32
1445233005 33
1445233860 34
1445234003 35
1445234027 36
1445235955 37
1445249971 38
1445295020 39
1445296636 40
1445298054 41
1445298133 42
1445298782 43
1445299382 44
1445322016 45
1445323920 46
1445332016 47
1445332048 48
1445332529 49
1445333250 50
1445336092 51
1445336201 52
1445336219 53
1445386720 54
1445387466 55
1445394641 56
1445396130 57
1445396158 58
1445398342 59
1445402297 60
1445403129 61
1445403266 62
1445404990 63
1445476321 64
1445575013 65
1445575038 66
1445576356 67
1445585091 68
1445668413 69
1445740059 70
1445741781 71
1445815447 72
1445929498 73
1445931251 74
1445934111 75
1445936482 76
1445998039 77
1445998057 78
1445999403 79
1445999626 80
1445999642 81
1445999797 82
1446000660 83
1446008834 84
1446010463 85
1446011268 86
1446014992 87
1446079297 88
1446080633 89
1446105682 90
1446108884 91
1446172281 92
1446863625 93
1446866764 94
1446872093 95
1446873418 96
1446874142 97
1446874263 98
1446875449 99
1446877502 100
1446938403 101
1446940922 102
1446942296 103
1447024589 104
1447025630 105
1447054545 106
1447107690 107
1447109707 108
1447114045 109
1447202129 110
1447203596 111
1447204756 112
1447206514 113
1447207432 114
1447208274 115
1447213213 116
1447214934 117
1447218545 118
1447226096 119
1447286945 120
1447473435 121
1447473504 122
1447475886 123
