1444726720 104
1444727903 163
1444728444 66895
1444729561 67821
1444729626 68127
1444780489 68204
1444783902 70085
1444786468 70078
1444790629 70670
1444793389 70649
1444794989 70649
1444797508 70707
1444799356 70720
1444802091 88243
1444866548 88279
1444867567 21578
1444867809 21613
1444870241 21618
1445053454 21671
1445054982 21625
1445058397 21633
1445058411 21620
1445058817 21622
1445133642 21726
1445134866 21750
1445135504 21755
1445136239 21691
1445142787 21735
1445145070 21741
1445145752 21752
1445162038 21756
1445216259 22074
1445233005 22074
1445233860 22074
1445234003 22091
1445234027 21836
1445235955 21837
1445249971 21839
1445295020 21835
1445336201 21836
1445336219 21838
1445386720 21840
1445387466 21852
1445394641 21903
1445396130 21913
1445396158 21913
1445398342 22023
1445402297 22094
1445403129 22072
1445403266 22068
1445404990 21994
1445575013 21997
1445575038 21993
1445576356 21983
1445585091 21985
1445668413 22026
1445740059 22044
1445741781 22065
1445815447 22244
1445929498 22245
1445931251 22246
1445934111 22256
1445936482 22659
1445998039 22660
1445998057 22660
1445999403 22630
1445999626 22618
1445999642 22618
1445999797 22616
1446000660 22610
1446008834 22608
1446010463 22622
1446011268 22623
1446014992 22647
1446079297 22650
1446080633 22648
1446105682 22654
1446108884 22668
1446172281 22692
1446863625 22719
1446866764 22737
1446872093 22771
1446873418 22779
1446874142 22779
1446874263 22777
1446875449 22759
1446877502 22763
1446938403 22806
1446940922 22829
1446942296 22790
1447024589 22799
1447025630 22842
1447054545 22840
1447107690 22839
1447109707 22893
1447114045 22884
1447202129 22901
1447203596 22902
1447204756 22965
1447206514 23022
1447207432 23035
1447208274 23038
1447213213 23044
1447214934 23055
1447218545 23057
1447226096 23052
1447286945 23073
1447473435 22304
1447473504 21335
1447475886 21335
